%YAML:1.0
---
K: !!opencv-matrix
   rows: 3
   cols: 3
   dt: d
   data: [ 1.0116705414245021e+03, 0., 9.9130954843045174e+02, 0.,
       1.0096154781144608e+03, 4.8839408382616909e+02, 0., 0., 1. ]
D: !!opencv-matrix
   rows: 1
   cols: 5
   dt: d
   data: [ -4.4712914229801048e-01, 2.3034900838772746e-01,
       1.3805368134884456e-03, 1.2015798773873483e-03,
       -6.0848130823391001e-02 ]
