%YAML:1.0
---
K: !!opencv-matrix
   rows: 3
   cols: 3
   dt: d
   data: [ 1.5418256094508968e+03, 0., 1.0148487227029981e+03, 0.,
       1.5411249194659929e+03, 4.8564130038542993e+02, 0., 0., 1. ]
D: !!opencv-matrix
   rows: 1
   cols: 5
   dt: d
   data: [ -5.2893414914575643e-01, 3.6650057278157877e-01,
       5.8782047114721637e-04, -3.8387922994390414e-04,
       -1.5406094535026574e-01 ]
