%YAML:1.0
---
K: !!opencv-matrix
   rows: 3
   cols: 3
   dt: d
   data: [ 1.4502424278626434e+03, 0., 1.0067072241117456e+03, 0.,
       1.4495392020977333e+03, 5.1018214980700191e+02, 0., 0., 1. ]
D: !!opencv-matrix
   rows: 1
   cols: 5
   dt: d
   data: [ -4.4504598337720636e-01, 2.3533142115232147e-01,
       -3.9763132525164426e-04, 1.0594839251476097e-03,
       -6.6254780759119225e-02 ]
