%YAML:1.0
---
K: !!opencv-matrix
   rows: 3
   cols: 3
   dt: d
   data: [ 1.4166129225573961e+03, 0., 1.0503490057407630e+03, 0.,
       1.4121266231936406e+03, 6.1126357526918810e+02, 0., 0., 1. ]
D: !!opencv-matrix
   rows: 1
   cols: 5
   dt: d
   data: [ 1.4370521579975803e-01, -4.1532604863844114e-01,
       -4.2709344419879051e-04, 4.4431999696867503e-04,
       3.4999969489302424e-01 ]
